0.16680390886145383
0.0087652470583754
0.5854780555047122
-0.07868087329208068
0.22624510555922692
0.013453524458688465
0.5019698293710086
0.4321453900747779
0.038902454721300286
0.023071621024238632
0.042994326287037934
-0.10690597017631163
0.19742105446490754
-0.04552085797373067
0.009897816573803068
-0.08018206253795859
-0.03228022035818415
0.09927608917692017
-0.02358302796155163
-0.061751660577300777
-0.07013491819314199
0.0906524517971362
-0.07263893185530458
0.07142448715956416
0.2022964200584786
-0.0014473870339141018
-0.05002474503850779
-0.11400143019441447
4.301699531972667e-05
-0.01104593397029481
-0.036024125621456494
-0.023000586338511254
0.0881641765100541
-0.04690387221736638
-0.009794438044948046
-0.05583467231968533
0.012780069201806864
-0.05122681290380812
-0.027967223778599573
0.15311786858339527
0.058067255872940406
-0.08175012138671203
-0.04248291252463312
-0.016882048350514166
0.0040693120323832205
0.0
-0.02813830163926139
-0.024297100584981746
0.07569934077110908
0.035281354357471865
0.07552658671094478
0.019572861659074736
0.15986141574946905
0.01798677705636276
0.0
-0.01838780092676488
-0.03479778235307197
0.007546963714445207
0.008665627415169195
-0.040508616353868876
-0.014555157211355637
-0.04269226606650917
0.0
-0.007016149492696391
0.03440765774729238
-0.0304209659534696
0.10107697672880012
0.011154777075791421
0.013521593898746626
0.0856574100711664
0.0
-0.09821125513532987
-0.020961871132075843
0.03492262526196204
0.0
0.13138291046863765
-0.034650262405162544
-0.005862160667490456
0.041663857951447614
-0.04330397733401267
-0.03571665833834075
0.013901225615063238
-0.027517943589462697
-0.03576510474647999
-0.02915669564235819
-0.007218829308133747
0.0036375284564015738
-0.005639643676984767
-0.01057106350456692
0.0035960270842660146
-0.015091240998457156
-0.0497880894460772
-0.01993197608269033
0.020825224938284186
0.0035009611932754325
-0.016237256391609375
-0.01653457668313569
-0.0018627967954915627
-0.006399899942781364
0.09430069601059388
-0.008396365288908596
-0.011022243363982642
-0.01225114245664419
-0.03177670979767409
-0.017051402875008007
-0.008549483966817435
0.1528057472156691
-0.07280930532119624
-0.016793424235994937
-0.07303912140895312
-0.0538578632694674
-0.062368948319118746
0.0
-0.07126286912934413
0.079548340909443
0.16765578895304575
0.0
-0.0641286877171608
0.11352643149999624
-0.003591498703363162
0.0036766687989029725
0.007035466229608659
-0.010714228899316173
-0.009887954311154398
-0.016333283766575817
0.0065245405981261325
-0.0002927379077797224
-0.009016134022531323
-0.09338649189999135
-0.019294755496019392
0.009775249215688184
0.0
-0.014805397760829338
0.015499478895904665
0.015451019809088284
0.052633477918532276
0.007824514183351415
0.0
0.0
0.0
-0.026524557818563454
9.19363980685558e-05
0.0
-0.0866990605674251
-0.000984505261274632
0.005773484446374188
0.012841385802839698
0.0009459264080026728
-0.050006412983878874
0.005730503521849075
0.04944401882037636
0.0036545633839635354
-0.01083482176396882
0.20941195730858336
0.12652230674510284
0.0
0.0
-0.0332994442965692
-0.013542084454883108
-0.003401856721724026
-0.1188991575182975
0.040274771733245604
-0.035371289370786006
0.06573374421492464
-0.01574415221561112
0.0
0.0
0.0
-0.059358510342186255
-0.031148176012655203
-0.04052565727200761
-0.0068335361544927115
0.010210990737241953
-0.008350904112176686
-0.06360670809141102
-0.04302397908855922
0.08119386176939801
-0.05652757478327602
0.06925577603689793
-0.0030809342480525265
-0.04789865432411235
-0.003977269596761633
0.1455813729111752
0.0
0.04961924985889609
-0.01586487804895833
-0.02408713542198261
0.01950414853068338
-0.06618517087019855
0.015303052565739127
0.0
-0.04026497376274988
-0.03680721217928938
0.004275036352476852
-0.039673398377427775
-0.051484935448020394
0.053702530123660816
-0.0425246377155132
0.044677386046885065
0.0
0.15293772591178537
-0.056607232776526135
0.09521109296333147
-0.021937696334387035
-0.07212353098769093
0.05994376602142688
-0.06767009282514355
-0.033488895180879046
-0.0006110841977292261
0.0
0.0
-0.04769383572825752
0.008824969059139931
-0.026304887909262734
0.10845874636567858
0.15567603736195096
-0.15689374053986738
-0.049756716510537924
0.05021963227572819
-0.09522258391523257
0.0
-0.032862883111117354
0.06999229513933053
0.12662473691226006
-0.13916759953613703
-0.0037356097126102976
0.13252345237412835
-0.0947227820824157
0.0
0.032895655727520526
-0.004506835840537994
0.0958443954684563
0.07210397426026088
0.15831300291406886
-0.00663374405643738
0.032311166843049036
-0.055913745886896175
-0.053548623124227444
-0.027867162151036164
0.013422090615780008
0.10003896973332914
0.05796518332506618
-0.004452012340920982
-0.08714502253210393
-0.025936612347529638
-0.03983165496930566
-0.03446421124664522
-0.027705011810105273
-0.01631191829619187
-0.020581368181994963
0.0
-0.020446510689107803
0.007315052128786858
-0.06761634242007698
0.027220296297900997
0.013443771620803057
0.012403734390070698
-0.02167647169885551
-0.01970504811662723
0.029467844815156356
-0.01747932769318637
0.028362895639019357
0.014457563981918619
-0.04674367154751185
-0.006343005996109411
0.0013909577957228758
0.013472109290443153
0.0035388526750864424
0.010210320655318444
-0.0016223007140953795
0.011417638466694672
-0.034870182151884366
0.015329360206182363
-0.009728883177103307
-0.00192702546663257
-0.06658016260336264
0.005166476239915337
0.00971975914691652
0.016328799522313638
-0.029221046330665763
-0.004057169391570109
0.0016388263698043528
0.0
-0.052854581320554005
0.015905268303351087
0.0
-0.10606811554529187
0.12042129666324353
0.04546044916590396
-0.02825375152388149
-0.012211323334761702
0.07298577298094137
-0.006433051254859292
0.0
-0.013030079833532611
6.437064587557697e-05
-0.021381283963639724
-0.014561953987475092
-0.00578891078363261
-0.005189089910501599
-0.035548760010012614
-0.01615425430064305
-0.018119663940024996
0.013217251315828252
-0.012632963350122458
-0.0005227574597537934
-0.016074772428912625
0.014102967341449966
0.0068605447714960525
-0.02191649232529117
-0.004558629549454527
0.003650129050628717
0.0417651517277355
0.002580102370386004
0.042068206033361914
0.024972435851556105
0.0004821440196377632
0.009798884527839275
0.006527811695086544
-0.0008378947557914982
-0.015238738711990291
-0.02168180693360284
-0.0028068282155665585
-0.01115303775751482
0.011854400987160443
-0.011559487927085275
-0.016188592494718386
-0.01903505405039205
-0.01206176561616409
0.022119411237257944
0.012759305621762935
0.0026517089403919176
-0.05045544195364142
-0.0017657293641995943
0.0012179412184110962
0.012061750811085138
0.00011363101584353468
0.021270954556628342
-0.014424274806355965
-0.003993683850909862
-0.0024367485275273142
-0.05053113000616831
-0.0028418385147815674
0.03806828288967672
0.18279936349900336
0.046315201218318586
-0.09142222230137247
0.06771924420481669
-0.007876604342595335
0.10456153096309095
0.06176979899572352
-0.13905305942532498
0.027381358944683448
-0.044733080945940834
-0.04301595446397883
-0.04320657692947958
0.032567096936683367
-0.046560864436043015
-0.039895868529640555
0.06751385839632894
-0.0313943596429455
0.03520687501323901
-0.03187367473166434
-0.04260658968770419
0.010717468231250707
-0.0024606004572398873
-0.0030016821846220363
0.060951397994722045
0.04030389763144475
-0.0393743573779083
0.00866421187732314
-0.03406062415718771
0.04580139069840257
0.0
-0.009368626150582138
-0.03565051334945894
-0.05015244556738153
0.0
0.0422447706503789
-0.034705252203950515
-0.006736336184864839
0.0631946729502575
-0.018785770053245884
-0.04148810994075857
0.033963966855415084
0.011808892542040383
0.030567536734776572
0.1203731021751605
-0.04082810619284645
-0.06423753609685649
-0.027888842848959625
-0.027496052878518144
-0.02050932026819686
-0.024751889336431812
0.0223296307144775
-0.0268497946628252
0.07116007690623097
0.00013039603026459383
0.0
-0.007061225904265964
-0.019351988371218258
-0.05213436166878609
0.02196634989427213
-0.009770204933484728
-0.01492804220994428
-0.004734693754236164
0.0
0.0
-0.0017969567184173325
-0.02725213941067931
0.0
0.00959756363881885
-0.016533359788023578
-0.005126086030215986
-0.007992125512224663
0.0017864390650498734
-0.055638073172870256
0.004681785165589471
0.0068598537326295065
-0.008899991813814432
-0.06516259584582325
0.041641069132686025
0.060256677626259046
-0.062029196454806916
0.07245597320433489
0.024820254074797626
-0.025029515613143618
0.0329022538396882
0.05404343919923908
-0.06749025507810884
-0.006030292142731773
-0.029534479870558815
-0.01890814346485285
0.01555676696102249
0.0
-0.023837441399963445
0.0
0.004011932039059303
-0.03233299326246792
0.09588611027951366
0.021863868225971958
-0.004677693514146934
-0.026186522965083198
-0.013103876668554067
0.0
-0.004580471873115927
0.05881149851134505
-0.04789124573927611
-0.03708172183752597
0.0023819714698821316
0.12810974259537564
-0.01781334564589514
-0.012732374572400593
0.008008782318390105
-0.04784219306159955
-0.05228078970586244
0.015400670601286687
0.013797036110372744
-0.01853986110122316
-0.017433607011808103
0.1963548351713913
-0.006474429397259597
-0.04719170483713367
-0.03827031149220943
-0.03705857001972803
-0.032775796046364034
-0.061225307683932036
0.1277189328651609
-0.0793329386177914
-0.1412250721386115
0.3386222720208841
0.04664863592063224
0.059730500245303436
0.0032389725757746356
0.009010924532833033
-0.06728008057275739
-0.014869692873491597
0.052466445236638445
-0.009052260388533373
-0.10796711835946536
-0.08293208453864452
0.00904223667403416
-0.08422750437181072
-0.05490432722430112
0.01465511514769505
0.09408163983176326
0.14566539958814406
0.09522656354934579
-0.006200568530944597
-0.033341825862073925
-0.07194127971602282
-0.037022683209687025
-0.05269233320067733
-0.03281228485686628
-0.04154994384318957
0.08634066967429412
0.007670630772956352
0.0056349940751437445
0.243536226895954
-0.050174973963855625
0.005120853128504262
-0.026297811938871308
0.15018293379436376
-0.15584047038018356
-0.13374356748530897
-0.006183068791940527
0.02355350677610371
-0.04641393569831646
0.04692899256863568
-0.005461963010096876
-0.0009392117149508684
-0.010788326959302468
-0.005135747955898631
-5.664884429066855e-05
0.007463343020429607
-0.02251354508481347
-0.03237845440073399
0.012948669349148161
-0.042773730640685625
-0.04807826227123513
-0.01050413785858401
0.02220622916858355
0.003813333229816931
-0.00661285803163826
-0.011915366883161235
-0.007131757382843526
0.0
0.015739907504428684
-0.032109532715466904
-0.03812383646133825
-0.005338477368617258
-0.04063668428482932
-0.07418406741168977
0.011867924609658027
0.23743925202644156
0.0486654513148737
-0.04844393002758172
-0.030353620950256358
-0.04566452708170782
-0.03659268542804331
-0.007206004841660373
0.27552463718829995
-0.042545885388578945
0.009835202437017482
-0.01761429670442121
-0.02055308649479521
-0.05903012762458431
-0.009373139651968055
-0.05420692399999301
-0.020187524538514245
-0.004067004019744405
-0.009913848900631978
0.0
-0.029429100049288386
0.011279561116672962
0.04200746074297561
-0.016080998880500064
-0.008422962403441791
0.052602578699606335
-0.0055020568464692575
0.005021977089749463
0.020261550151615813
-0.05994640754012892
-0.0388662787375977
-0.03450062916501994
0.004010107794982832
-0.03205062771955648
0.06147752410713792
-0.014823305004609103
-0.009873606864123783
-0.007604032134659045
-0.0006025811354131652
-0.005620747646983242
0.0036750719990865832
0.0032264782717378033
0.020161592434142842
-0.03482543490313937
-0.009893696108455521
-0.006929330626747579
-0.013858841835368845
0.0
0.04551413046600821
0.004092971562365655
0.01295087613649357
0.0
0.04449992591800989
-0.007545522373460258
0.029292584416735955
-0.017084706556584305
-0.015939170009233047
-0.009956354840644758
0.004147989548476364
0.010582089310915444
0.0033161425967668306
-0.028866550712151388
-0.022333072494147427
0.07649172525550194
-0.03400176339724668
0.03260684322257829
0.024441772261070235
0.005563105083468003
-0.0017255000321771262
0.0223049231991811
-0.05588933732696644
0.02331060361946291
-0.054017427337858255
-0.0022790884168610386
-0.014072370872096576
0.1362897066304527
-0.02218424674320141
0.0
0.06013165486064972
-0.0026038754534760387
-0.06823103252613846
-0.05816991593794179
-0.06638042471218174
-0.06288231038578049
0.005600587900797523
-0.03599857839405623
-0.007727671514522825
-0.0037321861241037535
-0.033880092658776076
-0.02209942305228402
-0.016647779487683687
0.16370423410107018
0.1394109377952561
-0.05163372878502611
-0.008907678784230818
-0.01227911129240386
-0.0008136069500204375
-0.012115150848995929
0.009321669659906807
0.014225102224659664
0.025828064398941947
0.020022065949614334
-0.0038121935317347506
0.023824028105682314
8.355843518666786e-05
-0.03017059349176205
0.0114185002093825
0.07190298279064791
-0.0442070604716899
-0.029208797837718545
0.011145286813879352
-0.09852279111554285
0.03154550792674601
-0.043559938846976426
-0.012844112912393926
0.12438365228562234
-0.08455394300334246
-0.029507019469449218
0.07473383315338189
0.04566695136146057
-0.050794894915371785
0.23308254162279826
-0.06354806482286762
-0.004423048517358586
-0.05710779705763452
0.06134455297513105
0.04578551328944396
0.059673842596878225
-0.06343040049228961
-0.02271892565180728
0.006753894965111319
-0.012420199112693476
0.11425816667675998
0.01084083094085321
0.04044414301324144
-0.04269252024590884
-0.008653934179452745
0.005576644058632399
-0.02590397988487354
0.0
-0.02785744404471072
0.17051315102694892
0.0666983715296084
-0.04460388973796596
-0.08644848650947091
-0.06597386241048042
-0.106853071253662